98 -9 98 -92
98 -92 84 -23
84 -23 98 -9
71 -91 98 -92
98 -92 37 -93
37 -93 71 -91
-86 39 -98 54
-98 54 -100 -8
-100 -8 -86 39
-80 23 -86 39
-86 39 -100 -8
-100 -8 -80 23
-80 23 -86 39
-86 39 -46 44
-46 44 -80 23
-35 -48 -45 -83
-45 -83 -53 -78
-53 -78 -35 -48
-61 -59 -35 -48
-35 -48 -53 -78
-53 -78 -61 -59
6 69 6 56
6 56 35 76
35 76 6 69
6 69 -10 99
-10 99 22 94
22 94 6 69
-92 52 -73 86
-73 86 -98 54
-98 54 -92 52
-92 52 -86 39
-86 39 -98 54
-98 54 -92 52
-64 89 -73 86
-73 86 -43 98
-43 98 -64 89
-64 89 -59 88
-59 88 -73 86
-73 86 -64 89
-55 10 -80 23
-80 23 -46 44
-46 44 -55 10
-57 -79 -61 -59
-61 -59 -53 -78
-53 -78 -57 -79
60 -70 98 -92
98 -92 84 -23
84 -23 60 -70
60 -70 71 -91
71 -91 98 -92
98 -92 60 -70
-8 -58 -35 -48
-35 -48 -45 -83
-45 -83 -8 -58
-8 -58 -45 -83
-45 -83 37 -93
37 -93 -8 -58
-8 -58 16 -60
16 -60 37 -93
37 -93 -8 -58
-8 -58 16 -60
16 -60 -6 -55
-6 -55 -8 -58
1 15 -14 16
-14 16 0 5
0 5 1 15
1 15 -14 16
-14 16 6 56
6 56 1 15
17 43 6 56
6 56 35 76
35 76 17 43
17 43 1 15
1 15 6 56
6 56 17 43
-56 -43 -61 -59
-61 -59 -35 -48
-35 -48 -56 -43
-89 -56 -97 -48
-97 -48 -86 -78
-86 -78 -89 -56
87 88 -10 99
-10 99 22 94
22 94 87 88
87 88 81 88
81 88 22 94
22 94 87 88
-40 36 -14 16
-14 16 6 56
6 56 -40 36
-40 36 -55 10
-55 10 -46 44
-46 44 -40 36
-29 71 6 69
6 69 6 56
6 56 -29 71
-29 71 -40 36
-40 36 -46 44
-46 44 -29 71
-29 71 -40 36
-40 36 6 56
6 56 -29 71
-29 71 -10 99
-10 99 -43 98
-43 98 -29 71
-29 71 6 69
6 69 -10 99
-10 99 -29 71
-57 90 -64 89
-64 89 -59 88
-59 88 -57 90
-57 90 -50 92
-50 92 -43 98
-43 98 -57 90
-57 90 -64 89
-64 89 -43 98
-43 98 -57 90
-73 1 -80 23
-80 23 -100 -8
-100 -8 -73 1
-73 1 -55 10
-55 10 -80 23
-80 23 -73 1
-53 -80 -45 -83
-45 -83 -53 -78
-53 -78 -53 -80
-53 -80 -57 -79
-57 -79 -53 -78
-53 -78 -53 -80
-53 -80 -57 -79
-57 -79 -45 -83
-45 -83 -53 -80
-74 -77 -57 -79
-57 -79 -61 -59
-61 -59 -74 -77
-74 -77 -45 -83
-45 -83 -86 -78
-86 -78 -74 -77
-74 -77 -57 -79
-57 -79 -45 -83
-45 -83 -74 -77
39 -81 16 -60
16 -60 37 -93
37 -93 39 -81
39 -81 16 -60
16 -60 35 -66
35 -66 39 -81
39 -81 71 -91
71 -91 37 -93
37 -93 39 -81
73 -27 60 -70
60 -70 84 -23
84 -23 73 -27
-30 -37 -28 -17
-28 -17 -59 -36
-59 -36 -30 -37
-30 -37 -56 -43
-56 -43 -59 -36
-59 -36 -30 -37
-30 -37 -56 -43
-56 -43 -35 -48
-35 -48 -30 -37
82 68 53 86
53 86 81 88
81 88 82 68
-70 -49 -56 -43
-56 -43 -59 -36
-59 -36 -70 -49
-70 -49 -56 -43
-56 -43 -61 -59
-61 -59 -70 -49
-70 -49 -89 -56
-89 -56 -97 -48
-97 -48 -70 -49
-70 -49 -74 -77
-74 -77 -61 -59
-61 -59 -70 -49
-70 -49 -74 -77
-74 -77 -89 -56
-89 -56 -70 -49
26 91 6 69
6 69 35 76
35 76 26 91
26 91 6 69
6 69 22 94
22 94 26 91
39 90 81 88
81 88 22 94
22 94 39 90
39 90 53 86
53 86 81 88
81 88 39 90
39 90 26 91
26 91 22 94
22 94 39 90
39 90 53 86
53 86 35 76
35 76 39 90
39 90 26 91
26 91 35 76
35 76 39 90
-39 16 -40 36
-40 36 -14 16
-14 16 -39 16
-39 16 -55 10
-55 10 -41 2
-41 2 -39 16
-39 16 -40 36
-40 36 -55 10
-55 10 -39 16
-49 60 -29 71
-29 71 -46 44
-46 44 -49 60
-49 60 -59 88
-59 88 -73 86
-73 86 -49 60
-49 60 -92 52
-92 52 -73 86
-73 86 -49 60
-49 60 -86 39
-86 39 -46 44
-46 44 -49 60
-49 60 -92 52
-92 52 -86 39
-86 39 -49 60
-46 90 -50 92
-50 92 -43 98
-43 98 -46 90
-46 90 -29 71
-29 71 -43 98
-43 98 -46 90
-46 90 -49 60
-49 60 -29 71
-29 71 -46 90
-46 90 -49 60
-49 60 -59 88
-59 88 -46 90
-46 90 -57 90
-57 90 -59 88
-59 88 -46 90
-46 90 -57 90
-57 90 -50 92
-50 92 -46 90
-74 -26 -70 -49
-70 -49 -59 -36
-59 -36 -74 -26
-74 -26 -70 -49
-70 -49 -97 -48
-97 -48 -74 -26
-85 -76 -89 -56
-89 -56 -86 -78
-86 -78 -85 -76
-85 -76 -74 -77
-74 -77 -86 -78
-86 -78 -85 -76
-85 -76 -74 -77
-74 -77 -89 -56
-89 -56 -85 -76
-6 -38 16 -60
16 -60 -6 -55
-6 -55 -6 -38
-6 -5 -6 -28
-6 -28 -28 -17
-28 -17 -6 -5
59 -70 39 -81
39 -81 35 -66
35 -66 59 -70
59 -70 60 -70
60 -70 71 -91
71 -91 59 -70
59 -70 39 -81
39 -81 71 -91
71 -91 59 -70
19 -7 -6 -38
-6 -38 16 -60
16 -60 19 -7
19 -7 -6 -38
-6 -38 -6 -28
-6 -28 19 -7
19 -7 -6 -5
-6 -5 0 5
0 5 19 -7
19 -7 -6 -5
-6 -5 -6 -28
-6 -28 19 -7
-58 -8 -28 -17
-28 -17 -59 -36
-59 -36 -58 -8
-58 -8 -40 -4
-40 -4 -28 -17
-28 -17 -58 -8
-24 -31 -6 -28
-6 -28 -28 -17
-28 -17 -24 -31
-24 -31 -30 -37
-30 -37 -28 -17
-28 -17 -24 -31
-24 -31 -6 -38
-6 -38 -6 -28
-6 -28 -24 -31
97 45 82 68
82 68 85 32
85 32 97 45
97 45 86 23
86 23 85 32
85 32 97 45
97 45 98 -9
98 -9 98 77
98 77 97 45
97 45 86 23
86 23 98 -9
98 -9 97 45
61 56 85 32
85 32 51 44
51 44 61 56
61 56 82 68
82 68 85 32
85 32 61 56
88 73 87 88
87 88 81 88
81 88 88 73
88 73 82 68
82 68 81 88
81 88 88 73
88 73 87 88
87 88 98 77
98 77 88 73
88 73 97 45
97 45 98 77
98 77 88 73
88 73 97 45
97 45 82 68
82 68 88 73
-94 -12 -73 1
-73 1 -100 -8
-100 -8 -94 -12
-94 -12 -97 -48
-97 -48 -100 -8
-100 -8 -94 -12
-94 -12 -74 -26
-74 -26 -97 -48
-97 -48 -94 -12
-9 -43 -6 -38
-6 -38 -6 -55
-6 -55 -9 -43
-9 -43 -8 -58
-8 -58 -6 -55
-6 -55 -9 -43
-9 -43 -24 -31
-24 -31 -30 -37
-30 -37 -9 -43
-9 -43 -24 -31
-24 -31 -6 -38
-6 -38 -9 -43
-9 -43 -8 -58
-8 -58 -35 -48
-35 -48 -9 -43
-9 -43 -30 -37
-30 -37 -35 -48
-35 -48 -9 -43
-5 0 -14 16
-14 16 0 5
0 5 -5 0
-5 0 -6 -5
-6 -5 0 5
0 5 -5 0
-22 2 -40 -4
-40 -4 -41 2
-41 2 -22 2
-22 2 -5 0
-5 0 -14 16
-14 16 -22 2
-22 2 -39 16
-39 16 -41 2
-41 2 -22 2
-22 2 -39 16
-39 16 -14 16
-14 16 -22 2
45 -44 16 -60
16 -60 35 -66
35 -66 45 -44
45 -44 19 -7
19 -7 16 -60
16 -60 45 -44
16 6 1 15
1 15 0 5
0 5 16 6
16 6 19 -7
19 -7 0 5
0 5 16 6
62 7 45 -44
45 -44 73 -27
73 -27 62 7
62 7 45 -44
45 -44 19 -7
19 -7 62 7
-58 2 -73 1
-73 1 -55 10
-55 10 -58 2
-58 2 -55 10
-55 10 -41 2
-41 2 -58 2
-68 -12 -94 -12
-94 -12 -73 1
-73 1 -68 -12
-68 -12 -94 -12
-94 -12 -74 -26
-74 -26 -68 -12
-68 -12 -74 -26
-74 -26 -59 -36
-59 -36 -68 -12
-68 -12 -58 -8
-58 -8 -59 -36
-59 -36 -68 -12
49 69 82 68
82 68 53 86
53 86 49 69
49 69 61 56
61 56 82 68
82 68 49 69
49 69 53 86
53 86 35 76
35 76 49 69
49 69 61 56
61 56 51 44
51 44 49 69
49 69 17 43
17 43 35 76
35 76 49 69
49 69 17 43
17 43 51 44
51 44 49 69
-22 -3 -6 -5
-6 -5 -28 -17
-28 -17 -22 -3
-22 -3 -40 -4
-40 -4 -28 -17
-28 -17 -22 -3
-22 -3 -22 2
-22 2 -40 -4
-40 -4 -22 -3
-22 -3 -5 0
-5 0 -6 -5
-6 -5 -22 -3
-22 -3 -22 2
-22 2 -5 0
-5 0 -22 -3
51 -56 59 -70
59 -70 35 -66
35 -66 51 -56
51 -56 45 -44
45 -44 35 -66
35 -66 51 -56
51 -56 59 -70
59 -70 60 -70
60 -70 51 -56
51 -56 73 -27
73 -27 60 -70
60 -70 51 -56
51 -56 45 -44
45 -44 73 -27
73 -27 51 -56
74 -7 73 -27
73 -27 84 -23
84 -23 74 -7
74 -7 62 7
62 7 73 -27
73 -27 74 -7
74 -7 98 -9
98 -9 84 -23
84 -23 74 -7
74 -7 86 23
86 23 98 -9
98 -9 74 -7
46 25 17 43
17 43 51 44
51 44 46 25
53 29 46 25
46 25 62 7
62 7 53 29
53 29 85 32
85 32 51 44
51 44 53 29
53 29 46 25
46 25 51 44
51 44 53 29
-57 -4 -58 2
-58 2 -73 1
-73 1 -57 -4
-57 -4 -68 -12
-68 -12 -73 1
-73 1 -57 -4
-57 -4 -68 -12
-68 -12 -58 -8
-58 -8 -57 -4
-57 -4 -58 -8
-58 -8 -40 -4
-40 -4 -57 -4
-57 -4 -40 -4
-40 -4 -41 2
-41 2 -57 -4
-57 -4 -58 2
-58 2 -41 2
-41 2 -57 -4
71 14 74 -7
74 -7 86 23
86 23 71 14
71 14 86 23
86 23 85 32
85 32 71 14
71 14 53 29
53 29 85 32
85 32 71 14
33 16 17 43
17 43 1 15
1 15 33 16
33 16 16 6
16 6 1 15
1 15 33 16
66 10 74 -7
74 -7 62 7
62 7 66 10
66 10 71 14
71 14 74 -7
74 -7 66 10
66 10 53 29
53 29 62 7
62 7 66 10
66 10 71 14
71 14 53 29
53 29 66 10
22 3 62 7
62 7 19 -7
19 -7 22 3
22 3 33 16
33 16 62 7
62 7 22 3
22 3 16 6
16 6 19 -7
19 -7 22 3
22 3 33 16
33 16 16 6
16 6 22 3
42 21 46 25
46 25 62 7
62 7 42 21
42 21 33 16
33 16 62 7
62 7 42 21
42 21 46 25
46 25 17 43
17 43 42 21
42 21 33 16
33 16 17 43
17 43 42 21
